Roll Number: 102303502
a_r: 0.0
b_r: 0.8999999999999999

--- Estimated Parameters ---
mu: 25.80962289781127
lambda: 0.001460436525489
c: 0.021560876239314915
